a,1
a,2
a,5
,
b,
a,2
,
computer,game
16148,14901
10887,11408
18301,24938
13773,10593
18559,13804
12648,11635
6017,21661
7974,2503
6047,31742
25965,1956
23904,19822
12409,29715
9909,17068
26936,30186
29524,20550
20330,27982
22523,24063
17991,27059
26895,1858
13690,25408
4700,31289
18856,14975
5417,19429
15278,14132
28977,32045
19444,13299
5787,17980
13151,12269
9002,12691
13154,6169
15483,15622
5112,10591
14861,17597
27617,1908
28806,32063
25598,19230
10205,8095
3211,5508
14518,21570
14908,23512
29061,29000
13663,11668
29503,21892
22141,12027
27280,20439
22720,15494
6823,31501
8441,25799
29572,25749
4847,17022
24798,18359
29368,15216
14320,7292
20328,23797
4731,1713
24059,10780
18144,9957
14516,19585
12277,12239
27248,32714
19686,6521
29687,5709
20882,27853
5299,551
23689,23799
30996,16215
1746,32186
29829,293
16953,17290
16911,31013
6449,855
30038,29547
5877,13747
13154,8511
22137,21776
17990,18141
32401,4864
7713,12878
16207,3915
2998,31535
784,15030
10491,3417
24343,327
28124,6536
16229,13753
5343,18092
26672,16104
8639,8951
3442,22072
2813,6343
21436,28216
22694,1400
14517,30776
13785,15681
13304,29329
17751,4324
6701,10184
25096,3724
14855,22367
12475,22450
97,3659
32334,15546
25293,8582
29654,9516
29617,32021
10316,6226
20721,9229
24068,32766
6537,6012
30541,26406
1120,20822
7523,1241
28977,22148
786,18810
1095,30473
29180,24068
5565,20375
28305,10128
3835,6560
28835,815
6693,6478
24215,16862
5563,17196
15569,20391
1486,9242
26501,28675
3101,18975
23107,26064
20176,25368
18728,388
938,20159
25211,8853
31191,13271
4837,3845
6329,8305
611,15631
16893,26783
9376,13763
5801,29288
4642,32497
8458,18700
15520,24535
23748,28535
5820,18250
26095,27466
29714,543
20622,11798
18341,23224
613,16515
1168,3386
26709,21943
7223,4436
14702,30979
19485,3171
26522,27933
10212,5244
31677,14754
31459,764
395,30920
20690,15208
12026,18818
4582,7502
30664,31291
24448,28815
19969,15717
25874,11350
26805,18425
24569,25206
13676,27841
6481,21978
2165,30874
30353,22379
25740,24204
23202,25740
18997,7468
15934,2123
32356,5796
31620,22150
3317,27191
26764,29821
18722,30599
17431,19596
8487,7975
16170,7468
14520,20771
27004,23639
24696,3803
21305,29193
16289,2580
18265,11551
24840,30567
13700,31025
3429,25310
29681,32733
12745,5567
17940,24864
1304,28793
10182,23451
10517,9384
11098,13456
32434,5898
20088,18371
29625,12947
26796,10719
4195,32570
18601,3973
6088,27952
28032,4147
11246,19718
25268,16034
9406,14726
18276,3536
22098,24664
27700,32168
13299,22200
27381,12660
17178,27694
18227,6876
27895,25008
29079,29670
14798,13261
3851,10944
11171,25183
21454,32749
13867,32647
454,464
5679,9106
18779,3801
28744,14081
12513,1304
8796,20628
11452,5905
959,2236
4537,3113
25638,14741
6458,26234
26457,14409
19976,4530
29196,30210
14871,26068
26856,25002
32290,7202
674,25244
5143,4703
12628,14646
8671,20066
12677,15833
12693,26669
26637,18514
2165,21605
29084,19510
8273,15242
2790,16351
1676,3185
26727,17455
7895,14003
15065,15255
22179,4875
19298,16437
24878,5102
6310,26352
13868,2609
7655,14182
16514,19173
12898,29686
12849,17693
6152,13744
14932,8376
12111,9153
22538,14858
2806,18173
10422,19270
29249,14974
9958,29041
25115,3425
28126,7704
20569,5268
13687,18845
8034,26589
2421,6814
4803,24133
13616,5764
16791,10890
28172,29440
4214,18528
17048,18435
21806,32645
11213,23077
20833,27553
18163,15616
19737,20232
17134,18509
29070,11642
18528,8874
1922,8423
14438,14813
26808,5988
12640,11140
324,7884
8500,5388
21233,29637
7243,691
29705,14799
26031,29823
30978,11979
12463,16660
17663,26638
28886,3667
3821,32511
12004,1860
6051,25187
21042,23112
27483,20015
30347,16709
22386,6032
3355,983
12936,761
23653,9226
10356,22826
789,1888
19648,32310
17262,5163
16748,16166
26780,3092
12182,20349
15935,15657
24991,16127
25134,30610
14855,18428
7319,3230
1777,28588
6932,31562
25151,20568
29212,15253
23173,375
11676,4136
16279,25212
16573,16462
20854,14217
15621,9914
12796,6696
21543,21007
32666,24831
4550,28401
6420,5796
30490,32405
4869,18307
29870,31356
8052,5800
28596,13318
5418,5748
14064,28462
27449,8032
2253,26067
1340,17770
25870,9291
28739,21139
16381,5812
15361,3669
3569,26209
10510,25088
9026,26962
15600,21026
16689,8446
17630,27236
20000,20203
18237,8101
3156,2751
12308,9034
25566,9685
31510,1023
30993,26630
27763,6446
15911,4915
10017,30999
1615,22746
1459,20433
20950,17500
12720,19318
24926,3137
1908,27468
24440,25828
26513,28336
30702,21831
17395,18144
11974,23744
30223,24270
17115,16634
29825,16844
16602,12984
21334,26483
23937,72
12637,24758
31913,15623
9572,20769
22101,136
4335,17679
30734,24807
2175,31510
952,12397
24720,11224
2865,20149
2346,19048
3330,6707
2641,21194
20159,927
22011,4310
328,20335
16586,15600
25466,26969
1727,4842
20655,14770
3276,24294
29684,14235
21477,1025
25517,10720
28733,21662
20988,7357
29093,2848
4305,19056
3363,31219
20755,25140
28912,11257
26884,11537
30101,10579
14360,16837
28881,25473
23258,15748
20266,30065
27819,27199
2810,12466
9660,25431
7094,28077
5515,3702
27254,28843
3368,31745
11495,12787
28956,27977
4000,30666
477,25519
1295,23246
12081,29256
25035,32470
5963,24761
16351,23573
2583,31143
29326,23100
17317,6273
23309,20412
19078,18100
30218,10067
19968,29504
9283,23910
24438,28205
30262,28050
19761,2777
25313,17415
16454,23070
4610,27098
2789,31434
30874,1408
12623,27475
12370,4473
19371,27093
12628,2572
19565,15382
19573,10959
257,12
17724,31769
21601,25069
9312,18936
20712,17853
10805,14980
20587,8905
31127,23282
21902,32636
14419,25379
13007,17487
24186,21885
13343,5286
21989,25550
27570,2640
9649,14473
14900,17565
20131,18424
29727,13466
31076,18889
15631,17194
7953,12019
28680,21161
31191,12191
32077,24645
29495,23104
17812,9111
15023,30854
13925,23781
28701,1205
16035,24834
20684,600
1349,13718
3879,79
26352,6499
28424,30707
31322,18628
21913,24732
14541,17271
28782,25872
2216,32452
31598,11907
15174,29323
9072,5589
3613,17318
30188,154
2819,2719
22792,17144
11757,25586
10752,6551
14709,28860
28579,28723
10285,24091
25502,21347
6263,24291
17158,24787
21818,2607
18361,20693
1472,9510
868,16516
9336,27687
11660,19453
30228,13873
29943,4730
17817,30635
3853,9920
7204,11498
27089,15100
13443,7403
18591,84
12933,17974
14780,27443
8114,31600
6602,19062
5165,6625
4866,381
14496,6097
16325,15691
18135,31327
30807,20217
28848,28260
8034,27272
3144,28630
20138,14094
2160,11850
31832,30804
2541,13024
9685,25042
16930,27001
6478,30303
27102,31893
16482,25265
1851,24360
16182,8767
22294,9288
31637,10800
14208,20793
8770,21118
24369,5438
8172,20774
6358,16071
5770,20024
27057,5366
10743,19509
20911,26250
3677,4353
2791,18112
6213,2731
29735,16795
20142,14276
17856,16865
9119,8979
29548,29808
4303,7317
3739,30011
9141,20037
5649,29213
29013,16343
25251,22538
9342,31814
32615,21987
27208,16988
20360,9226
18978,12834
24308,8225
27277,1663
10090,20511
16193,22039
10080,14125
30134,1280
880,19248
26818,10756
11517,12147
19145,30189
12616,5401
23711,26172
11373,22298
29948,24873
19948,27859
5380,29844
20891,11325
23048,18323
5104,9322
27029,23664
15970,12642
13092,3991
3655,4878
10620,7159
32531,21032
29023,12110
16282,15091
10570,14942
7064,10201
12997,24585
5157,8225
1084,5030
196,19029
16878,29828
11253,26442
11871,27072
15929,11322
14615,20280
29293,25063
5566,8913
20599,24001
12912,29621
11544,11484
8138,3447
7232,23485
23714,20737
20393,1787
31074,11778
11500,29397
4823,2011
23651,6815
16004,25589
7654,5867
21439,19456
19018,32565
2570,6959
11699,19400
29751,31711
10898,29160
24782,2190
20194,28774
23585,3356
21848,10132
2367,16272
7340,27375
8080,14990
20093,7000
23431,7957
16323,9766
4324,7373
26485,22813
10432,25256
4479,19351
20703,2630
2371,12409
27063,2298
26419,30179
18848,21105
4547,15742
8186,922
30781,8661
26644,10177
6879,25824
13750,17580
1757,11792
7686,8149
32291,26950
7192,29944
31753,13677
18235,5396
30179,16758
11404,14555
18498,4303
2387,14145
5215,6187
22744,29524
16574,12783
23090,7680
7991,812
16157,12487
30295,28633
11229,20690
16354,19792
21013,7314
25035,3974
11090,20615
22704,18220
16415,20304
13874,13910
21061,18646
4891,27645
15874,3810
21889,10278
27714,27470
24291,6915
185,1103
4412,9965
5985,1177
24726,8151
30640,27146
27382,25196
24543,20032
21887,17571
21991,17670
6196,10167
29944,29614
25784,2455
13059,7882
1595,4491
24544,8860
19550,26739
1880,13142
31494,32258
25903,4371
6892,5517
31806,21735
13129,6383
10879,14128
28462,20689
29787,10239
25494,9716
25499,22722
13422,20440
4600,12620
11856,7283
25924,28188
29581,26967
27573,14382
28228,17884
10255,2785
31187,18966
32394,13626
10247,26657
28283,1285
17814,3759
3641,21684
1356,19954
1665,6565
15903,29565
5609,5158
22616,9046
31003,5181
26681,13428
26834,27426
17195,21434
1482,17558
31651,15074
20268,665
10241,5033
21012,15755
31388,21129
10757,26090
181,28072
23430,28943
17059,1111
9380,11972
19801,13746
19477,7031
13447,3985
4072,22980
26051,9755
28486,26092
4715,13848
25427,30177
3722,9976
2190,9011
9975,10003
4000,28971
26635,24209
9157,6013
15938,721
27065,6562
23964,18806
6409,22950
20523,22149
20843,24570
21589,19032
584,28692
12718,19488
19589,27407
21758,6436
6121,26408
9121,15096
10449,18568
31377,1824
26238,1829
4642,30442
32203,12911
12872,20295
25128,26484
2520,32645
7629,2263
25709,27175
17494,28346
416,14628
10412,14010
9670,31236
10873,717
25295,3531
3752,27748
14226,28244
25126,20676
9646,19638
17649,24706
5333,13933
12518,25525
14482,14661
7421,14784
32532,10078
11745,13194
26819,3571
25296,787
25216,19146
14408,1753
6376,10892
23010,17915
25386,28711
10325,28250
28747,24459
18429,19347
15857,14911
15759,1983
19233,8328
24269,8242
14146,23646
22220,9601
20557,31274
25161,24713
18439,19571
15352,13234
10365,18776
17590,18905
21450,10950
28342,11163
3538,2081
25865,16410
5556,28218
13119,30333
3982,28875
9546,16072
32111,12565
2320,31241
32174,25206
25522,23318
11903,5864
3852,29032
31594,4034
5433,4529
1721,4822
22940,4858
30561,14628
1594,25028
10397,6087
6419,17962
7762,23009
28383,9862
15801,25192
22456,30740
4029,30066
13413,2203
5978,6178
31515,15493
21563,8173
15410,1933
31587,20050
1722,12008
8433,14869
27876,1692
2165,29717
14018,12837
11670,29258
25042,17046
17765,7947
4978,23049
12477,28221
31969,14977
3079,19785
2706,30757
32086,7769
26656,4437
4245,11087
32468,9251
31482,21128
1708,11594
23466,30413
16066,22591
16524,20104
20751,25946
11468,9614
4954,9931
31559,3951
31034,2067
19345,23020
15048,10956
16845,1325
30509,23333
1326,3930
3720,2087
23710,12624
6742,1681
14007,21820
32603,15830
24288,22336
26603,30502
30685,21625
23304,29698
25023,29498
25958,17595
4067,11068
29791,16804
11930,7263
11320,4479
11368,4048
19588,6916
13111,2108
21801,3452
25640,14901
32486,24443
6262,2922
28651,14148
23799,6029
11410,17851
9328,18305
28559,13973
28734,32622
18533,26083
19480,18306
14648,8796
25579,2658
13362,21168
24185,26294
14170,9908
9990,8111
15031,22896
23548,4192
12304,11217
15540,2963
25720,13418
19077,6323
5924,29111
18373,3204
26268,8281
18433,27938
2850,29708
30330,27270
2716,11775
18037,27516
19962,27742
13835,10925
19404,28823
644,15407
22948,24277
548,15478
29770,16537
13576,18944
27426,16710
5873,23160
4775,18632
27725,24617
21130,3986
16997,6744
9937,8663
11078,11117
6309,6695
10316,14512
20260,29150
23602,23245
25258,6391
1672,28597
31511,19254
18762,17308
29792,699
20881,13456
24963,2937
18454,23146
26089,14979
8748,31501
6089,19196
54,31591
22032,21749
11720,12151
24517,10829
23690,5715
21894,22937
29530,22987
9646,24138
20715,11815
3166,29226
15036,8875
